5554
4379
9251
5423
1115
6693
9558
1011
2182
306
4975
4438
797
1857
3089
3815
5107
1836
4987
3491
7930
1023
9319
9651
9111
17
8395
5351
5120
8178
5823
5159
2429
6940
4201
5534
3403
73
5804
3034
3267
6305
172
7856
6100
4322
9505
645
9198
8544
9715
9796
2406
6219
7251
8273
5955
6090
7145
3208
9843
1702
6583
5426
5694
1172
2513
410
9036
1983
3601
8017
6905
510
8455
312
5398
5835
7530
1788
5530
7525
5436
4294
9516
9668
7143
6231
8531
1628
5946
1449
7707
1961
5327
4392
9346
6797
565
1215
1957
9717
1316
5636
930
2293
1798
6445
2631
5254
4409
7535
6474
6008
1866
5448
2481
6359
7473
547
1967
9189
6433
7762
2615
4146
1439
327
3925
5356
479
8692
8239
1577
2496
4220
5083
4068
4261
15
3297
3928
5421
5505
5792
1323
7475
772
3898
4662
5287
7820
4875
792
1363
3149
5364
2917
8251
2735
9639
503
5974
9778
1778
3652
5366
8052
7334
7628
3959
7591
8231
4986
1457
8226
7734
6383
7826
6273
8430
3381
3167
2341
4967
8059
3612
9947
4958
9384
1797
4694
1256
5550
1670
6958
6052
170
3404
3093
3774
2947
2855
1301
5906
9742
5294
7599
3056
2487
8700
7637
190
3752
5805
3082
5326
912
2959
6007
4181
6986
1621
5787
7447
1395
4254
593
3802
8744
882
2134
7590
6457
32
9800
1935
8763
2878
2508
9852
7209
1751
931
9009
7273
3450
2550
3209
4485
4823
9353
4263
2260
6050
5221
267
3365
3974
1452
727
4214
5352
5791
1585
9341
5774
874
3641
7516
7178
4699
8989
9150
8038
1856
9461
7316
9077
3312
8978
7010
1675
4989
7645
8015
9656
5302
8598
1319
6266
1525
437
7846
9377
2464
4035
9177
3904
6360
3269
884
8602
567
2282
6548
3829
68
688
3882
8623
102
853
5604
3296
5886
9253
197
3337
5727
6153
6842
6803
7649
5477
1864
7419
3594
2336
7043
9886
9421
2946
222
1546
7296
3742
2768
4065
880
2489
174
9624
5117
9836
6602
9136
4752
146
37
4929
7684
6629
1198
7954
2410
5295
6110
216
2365
1009
539
3377
819
5112
9449
4016
4819
7893
4713
3184
5688
6995
2390
7963
5437
643
3951
6806
6318
7641
3572
6476
1062
7261
8946
288
969
3681
3460
154
2870
6161
9100
1207
1833
8148
2027
394
6424
7191
5034
818
1370
1240
2029
2472
4842
8170
1153
9462
2810
6615
180
2395
7121
3823
118
8146
3623
9270
7131
8390
7602
8252
405
843
5547
4396
7564
4127
851
586
9548
4529
391
8828
5533
5635
7168
8179
7336
2104
6502
763
6184
1495
3639
6196
8646
6914
1639
8719
6831
7785
6428
9054
1142
4543
1683
1360
8218
8648
3295
1878
1880
7900
79
3808
5323
3760
4536
6624
5371
6865
5651
8076
9494
3183
5258
8213
2797
9726
1182
2086
6626
6381
4754
9368
2096
2150
9672
3701
8157
2745
3379
3749
9146
8134
3571
